-5.650000000000000355e+00 -2.872222222222222232e+00 -9.444444444444466402e-02 2.683333333333332238e+00 5.461111111111110361e+00 8.238888888888888928e+00 1.101666666666666394e+01 1.379444444444444251e+01 1.657222222222222285e+01 1.935000000000000142e+01
-5.616666666666667140e+00 -2.838888888888889017e+00 -6.111111111111133809e-02 2.716666666666665453e+00 5.494444444444443576e+00 8.272222222222222143e+00 1.104999999999999716e+01 1.382777777777777573e+01 1.660555555555555429e+01 1.938333333333333286e+01
-5.583333333333333037e+00 -2.805555555555555802e+00 -2.777777777777801216e-02 2.749999999999998668e+00 5.527777777777777679e+00 8.305555555555555358e+00 1.108333333333333037e+01 1.386111111111110894e+01 1.663888888888888928e+01 1.941666666666666785e+01
-5.549999999999999822e+00 -2.772222222222222143e+00 5.555555555555313774e-03 2.783333333333332327e+00 5.561111111111110894e+00 8.338888888888888573e+00 1.111666666666666359e+01 1.389444444444444215e+01 1.667222222222222072e+01 1.944999999999999929e+01
-5.516666666666666607e+00 -2.738888888888888928e+00 3.888888888888875073e-02 2.816666666666665542e+00 5.594444444444444109e+00 8.372222222222223564e+00 1.114999999999999858e+01 1.392777777777777715e+01 1.670555555555555571e+01 1.948333333333333428e+01
-5.483333333333333393e+00 -2.705555555555555713e+00 7.222222222222196564e-02 2.849999999999998757e+00 5.627777777777777324e+00 8.405555555555555003e+00 1.118333333333333002e+01 1.396111111111110858e+01 1.673888888888888715e+01 1.951666666666666572e+01
-5.450000000000000178e+00 -2.672222222222222499e+00 1.055555555555554026e-01 2.883333333333331971e+00 5.661111111111110539e+00 8.438888888888889994e+00 1.121666666666666501e+01 1.399444444444444358e+01 1.677222222222222214e+01 1.955000000000000071e+01
-5.416666666666666963e+00 -2.638888888888888840e+00 1.388888888888887285e-01 2.916666666666665630e+00 5.694444444444443754e+00 8.472222222222223209e+00 1.124999999999999822e+01 1.402777777777777679e+01 1.680555555555555358e+01 1.958333333333333215e+01
-5.383333333333332860e+00 -2.605555555555555625e+00 1.722222222222220545e-01 2.949999999999998845e+00 5.727777777777777857e+00 8.505555555555556424e+00 1.128333333333333144e+01 1.406111111111111001e+01 1.683888888888888857e+01 1.961666666666666714e+01
-5.349999999999999645e+00 -2.572222222222222410e+00 2.055555555555553804e-01 2.983333333333332060e+00 5.761111111111111072e+00 8.538888888888889639e+00 1.131666666666666465e+01 1.409444444444444322e+01 1.687222222222222001e+01 1.964999999999999858e+01
-5.788888888888888751e+00 -2.949382716049382402e+00 -1.098765432098767203e-01 2.729629629629628518e+00 5.569135802469134866e+00 8.408641975308642103e+00 1.124814814814814490e+01 1.408765432098765125e+01 1.692716049382715937e+01 1.976666666666666572e+01
-5.755555555555554648e+00 -2.916049382716049188e+00 -7.654320987654339437e-02 2.762962962962961733e+00 5.602469135802468969e+00 8.441975308641975317e+00 1.128148148148147811e+01 1.412098765432098446e+01 1.696049382716049081e+01 1.979999999999999716e+01
-5.722222222222221433e+00 -2.882716049382715973e+00 -4.320987654321006843e-02 2.796296296296294948e+00 5.635802469135802184e+00 8.475308641975308532e+00 1.131481481481481133e+01 1.415432098765431768e+01 1.699382716049382580e+01 1.983333333333333215e+01
-5.688888888888888218e+00 -2.849382716049382758e+00 -9.876543209876742502e-03 2.829629629629628162e+00 5.669135802469135399e+00 8.508641975308641747e+00 1.134814814814814454e+01 1.418765432098765089e+01 1.702716049382715724e+01 1.986666666666666359e+01
-5.655555555555555003e+00 -2.816049382716049099e+00 2.345679012345669445e-02 2.862962962962961821e+00 5.702469135802468614e+00 8.541975308641974962e+00 1.138148148148147953e+01 1.422098765432098588e+01 1.706049382716049223e+01 1.989999999999999858e+01
-5.622222222222221788e+00 -2.782716049382715884e+00 5.679012345678990936e-02 2.896296296296295036e+00 5.735802469135801829e+00 8.575308641975308177e+00 1.141481481481481097e+01 1.425432098765431732e+01 1.709382716049382367e+01 1.993333333333333002e+01
-5.588888888888888573e+00 -2.749382716049382225e+00 9.012345679012334632e-02 2.929629629629628695e+00 5.769135802469135044e+00 8.608641975308641392e+00 1.144814814814814596e+01 1.428765432098765231e+01 1.712716049382715866e+01 1.996666666666666501e+01
-5.555555555555555358e+00 -2.716049382716049010e+00 1.234567901234566722e-01 2.962962962962961910e+00 5.802469135802468259e+00 8.641975308641974607e+00 1.148148148148147918e+01 1.432098765432098553e+01 1.716049382716049010e+01 1.999999999999999645e+01
-5.522222222222222143e+00 -2.682716049382715795e+00 1.567901234567899982e-01 2.996296296296295125e+00 5.835802469135801473e+00 8.675308641975307822e+00 1.151481481481481239e+01 1.435432098765431874e+01 1.719382716049382509e+01 2.003333333333333144e+01
-5.488888888888888040e+00 -2.649382716049382580e+00 1.901234567901233241e-01 3.029629629629628340e+00 5.869135802469135577e+00 8.708641975308641037e+00 1.154814814814814561e+01 1.438765432098765196e+01 1.722716049382715653e+01 2.006666666666666288e+01
-5.927777777777778923e+00 -3.026543209876543461e+00 -1.253086419753088876e-01 2.775925925925924798e+00 5.677160493827160259e+00 8.578395061728395277e+00 1.147962962962962763e+01 1.438086419753086354e+01 1.728209876543209944e+01 2.018333333333333712e+01
-5.894444444444445708e+00 -2.993209876543210246e+00 -9.197530864197556166e-02 2.809259259259258013e+00 5.710493827160494362e+00 8.611728395061728492e+00 1.151296296296296084e+01 1.441419753086419675e+01 1.731543209876543088e+01 2.021666666666666856e+01
-5.861111111111111605e+00 -2.959876543209877031e+00 -5.864197530864223573e-02 2.842592592592591227e+00 5.743827160493827577e+00 8.645061728395061706e+00 1.154629629629629406e+01 1.444753086419752997e+01 1.734876543209876587e+01 2.025000000000000355e+01
-5.827777777777778390e+00 -2.926543209876543372e+00 -2.530864197530890980e-02 2.875925925925924886e+00 5.777160493827160792e+00 8.678395061728394921e+00 1.157962962962962727e+01 1.448086419753086318e+01 1.738209876543209731e+01 2.028333333333333499e+01
-5.794444444444445175e+00 -2.893209876543210157e+00 8.024691358024527155e-03 2.909259259259258101e+00 5.810493827160494007e+00 8.711728395061729913e+00 1.161296296296296049e+01 1.451419753086419817e+01 1.741543209876543230e+01 2.031666666666666998e+01
-5.761111111111111960e+00 -2.859876543209876942e+00 4.135802469135774206e-02 2.942592592592591316e+00 5.843827160493827222e+00 8.745061728395061351e+00 1.164629629629629548e+01 1.454753086419752961e+01 1.744876543209876374e+01 2.035000000000000142e+01
-5.727777777777778745e+00 -2.826543209876543727e+00 7.469135802469117902e-02 2.975925925925924531e+00 5.877160493827160437e+00 8.778395061728396342e+00 1.167962962962962870e+01 1.458086419753086460e+01 1.748209876543209873e+01 2.038333333333333641e+01
-5.694444444444445530e+00 -2.793209876543210068e+00 1.080246913580245050e-01 3.009259259259258190e+00 5.910493827160493652e+00 8.811728395061729557e+00 1.171296296296296191e+01 1.461419753086419782e+01 1.751543209876543017e+01 2.041666666666666785e+01
-5.661111111111111427e+00 -2.759876543209876854e+00 1.413580246913578309e-01 3.042592592592591405e+00 5.943827160493826867e+00 8.845061728395062772e+00 1.174629629629629513e+01 1.464753086419753103e+01 1.754876543209876516e+01 2.045000000000000284e+01
-5.627777777777778212e+00 -2.726543209876543639e+00 1.746913580246911568e-01 3.075925925925924620e+00 5.977160493827160970e+00 8.878395061728395987e+00 1.177962962962962834e+01 1.468086419753086425e+01 1.758209876543209660e+01 2.048333333333333428e+01
-6.066666666666667318e+00 -3.103703703703703631e+00 -1.407407407407409439e-01 2.822222222222221077e+00 5.785185185185184764e+00 8.748148148148148451e+00 1.171111111111110858e+01 1.467407407407407227e+01 1.763703703703703596e+01 2.060000000000000142e+01
-6.033333333333333215e+00 -3.070370370370370416e+00 -1.074074074074076179e-01 2.855555555555554292e+00 5.818518518518517979e+00 8.781481481481481666e+00 1.174444444444444180e+01 1.470740740740740549e+01 1.767037037037036740e+01 2.063333333333333286e+01
-6.000000000000000000e+00 -3.037037037037037202e+00 -7.407407407407429201e-02 2.888888888888887507e+00 5.851851851851852082e+00 8.814814814814814881e+00 1.177777777777777501e+01 1.474074074074073870e+01 1.770370370370370239e+01 2.066666666666666785e+01
-5.966666666666666785e+00 -3.003703703703703987e+00 -4.074074074074096607e-02 2.922222222222220722e+00 5.885185185185185297e+00 8.848148148148148096e+00 1.181111111111110823e+01 1.477407407407407192e+01 1.773703703703703383e+01 2.069999999999999929e+01
-5.933333333333333570e+00 -2.970370370370370328e+00 -7.407407407407529121e-03 2.955555555555554381e+00 5.918518518518518512e+00 8.881481481481483087e+00 1.184444444444444144e+01 1.480740740740740691e+01 1.777037037037036882e+01 2.073333333333333428e+01
-5.900000000000000355e+00 -2.937037037037037113e+00 2.592592592592568579e-02 2.988888888888887596e+00 5.951851851851851727e+00 8.914814814814814525e+00 1.187777777777777644e+01 1.484074074074073835e+01 1.780370370370370026e+01 2.076666666666666572e+01
-5.866666666666667140e+00 -2.903703703703703454e+00 5.925925925925912274e-02 3.022222222222221255e+00 5.985185185185184942e+00 8.948148148148149517e+00 1.191111111111110965e+01 1.487407407407407334e+01 1.783703703703703525e+01 2.080000000000000071e+01
-5.833333333333333925e+00 -2.870370370370370239e+00 9.259259259259244867e-02 3.055555555555554470e+00 6.018518518518518157e+00 8.981481481481482732e+00 1.194444444444444287e+01 1.490740740740740655e+01 1.787037037037036669e+01 2.083333333333333215e+01
-5.800000000000000711e+00 -2.837037037037037024e+00 1.259259259259257746e-01 3.088888888888887685e+00 6.051851851851852260e+00 9.014814814814815946e+00 1.197777777777777608e+01 1.494074074074073977e+01 1.790370370370370168e+01 2.086666666666666714e+01
-5.766666666666666607e+00 -2.803703703703703809e+00 1.592592592592591005e-01 3.122222222222220900e+00 6.085185185185185475e+00 9.048148148148149161e+00 1.201111111111110930e+01 1.497407407407407298e+01 1.793703703703703312e+01 2.089999999999999858e+01
-6.205555555555555713e+00 -3.180864197530863802e+00 -1.561728395061730001e-01 2.868518518518516913e+00 5.893209876543208381e+00 8.917901234567899849e+00 1.194259259259258954e+01 1.496728395061728101e+01 1.799197530864197603e+01 2.101666666666666572e+01
-6.172222222222222499e+00 -3.147530864197530587e+00 -1.228395061728396742e-01 2.901851851851850128e+00 5.926543209876541596e+00 8.951234567901233063e+00 1.197592592592592275e+01 1.500061728395061422e+01 1.802530864197530747e+01 2.104999999999999716e+01
-6.138888888888888395e+00 -3.114197530864197372e+00 -8.950617283950634828e-02 2.935185185185183343e+00 5.959876543209875699e+00 8.984567901234566278e+00 1.200925925925925597e+01 1.503395061728394744e+01 1.805864197530864246e+01 2.108333333333333215e+01
-6.105555555555555181e+00 -3.080864197530863713e+00 -5.617283950617302235e-02 2.968518518518516558e+00 5.993209876543208914e+00 9.017901234567899493e+00 1.204259259259258918e+01 1.506728395061728065e+01 1.809197530864197390e+01 2.111666666666666359e+01
-6.072222222222221966e+00 -3.047530864197530498e+00 -2.283950617283958540e-02 3.001851851851850217e+00 6.026543209876542129e+00 9.051234567901232708e+00 1.207592592592592240e+01 1.510061728395061564e+01 1.812530864197530889e+01 2.114999999999999858e+01
-6.038888888888888751e+00 -3.014197530864197283e+00 1.049382716049362951e-02 3.035185185185183432e+00 6.059876543209875344e+00 9.084567901234567699e+00 1.210925925925925739e+01 1.513395061728394708e+01 1.815864197530864033e+01 2.118333333333333002e+01
-6.005555555555555536e+00 -2.980864197530864068e+00 4.382716049382706647e-02 3.068518518518517091e+00 6.093209876543208559e+00 9.117901234567900914e+00 1.214259259259259061e+01 1.516728395061728207e+01 1.819197530864197532e+01 2.121666666666666501e+01
-5.972222222222222321e+00 -2.947530864197530409e+00 7.716049382716039240e-02 3.101851851851850306e+00 6.126543209876541773e+00 9.151234567901234129e+00 1.217592592592592382e+01 1.520061728395061529e+01 1.822530864197530676e+01 2.124999999999999645e+01
-5.938888888888888218e+00 -2.914197530864197194e+00 1.104938271604937183e-01 3.135185185185183521e+00 6.159876543209875877e+00 9.184567901234567344e+00 1.220925925925925704e+01 1.523395061728394850e+01 1.825864197530864175e+01 2.128333333333333144e+01
-5.905555555555555003e+00 -2.880864197530863979e+00 1.438271604938270443e-01 3.168518518518516736e+00 6.193209876543209091e+00 9.217901234567900559e+00 1.224259259259259025e+01 1.526728395061728172e+01 1.829197530864197319e+01 2.131666666666666288e+01
-6.344444444444444997e+00 -3.258024691358024860e+00 -1.716049382716051674e-01 2.914814814814813637e+00 6.001234567901233774e+00 9.087654320987654799e+00 1.217407407407407227e+01 1.526049382716049152e+01 1.834691358024691610e+01 2.143333333333333712e+01
-6.311111111111111782e+00 -3.224691358024691645e+00 -1.382716049382718415e-01 2.948148148148146852e+00 6.034567901234566989e+00 9.120987654320988014e+00 1.220740740740740549e+01 1.529382716049382473e+01 1.838024691358024754e+01 2.146666666666666856e+01
-6.277777777777777679e+00 -3.191358024691358430e+00 -1.049382716049385156e-01 2.981481481481480067e+00 6.067901234567901092e+00 9.154320987654321229e+00 1.224074074074073870e+01 1.532716049382715795e+01 1.841358024691358253e+01 2.150000000000000355e+01
-6.244444444444444464e+00 -3.158024691358025215e+00 -7.160493827160518965e-02 3.014814814814813282e+00 6.101234567901234307e+00 9.187654320987654444e+00 1.227407407407407192e+01 1.536049382716049116e+01 1.844691358024691397e+01 2.153333333333333499e+01
-6.211111111111111249e+00 -3.124691358024691556e+00 -3.827160493827175269e-02 3.048148148148146941e+00 6.134567901234567522e+00 9.220987654320989435e+00 1.230740740740740691e+01 1.539382716049382438e+01 1.848024691358024896e+01 2.156666666666666998e+01
-6.177777777777778034e+00 -3.091358024691358342e+00 -4.938271604938537784e-03 3.081481481481480156e+00 6.167901234567900737e+00 9.254320987654320874e+00 1.234074074074073835e+01 1.542716049382715937e+01 1.851358024691358040e+01 2.160000000000000142e+01
-6.144444444444444819e+00 -3.058024691358024683e+00 2.839506172839489917e-02 3.114814814814813815e+00 6.201234567901233952e+00 9.287654320987655865e+00 1.237407407407407334e+01 1.546049382716049259e+01 1.854691358024691539e+01 2.163333333333333641e+01
-6.111111111111111605e+00 -3.024691358024691468e+00 6.172839506172822510e-02 3.148148148148147030e+00 6.234567901234567167e+00 9.320987654320989080e+00 1.240740740740740655e+01 1.549382716049382580e+01 1.858024691358024683e+01 2.166666666666666785e+01
-6.077777777777777501e+00 -2.991358024691358253e+00 9.506172839506155103e-02 3.181481481481480245e+00 6.267901234567901270e+00 9.354320987654322295e+00 1.244074074074073977e+01 1.552716049382715902e+01 1.861358024691358182e+01 2.170000000000000284e+01
-6.044444444444444287e+00 -2.958024691358025038e+00 1.283950617283948770e-01 3.214814814814813460e+00 6.301234567901234485e+00 9.387654320987655510e+00 1.247407407407407298e+01 1.556049382716049223e+01 1.864691358024691326e+01 2.173333333333333428e+01
-6.483333333333333393e+00 -3.335185185185185031e+00 -1.870370370370372237e-01 2.961111111111109917e+00 6.109259259259258279e+00 9.257407407407407973e+00 1.240555555555555145e+01 1.555370370370370203e+01 1.870185185185185262e+01 2.185000000000000142e+01
-6.449999999999999289e+00 -3.301851851851851816e+00 -1.537037037037038978e-01 2.994444444444443132e+00 6.142592592592592382e+00 9.290740740740741188e+00 1.243888888888888467e+01 1.558703703703703525e+01 1.873518518518518405e+01 2.188333333333333286e+01
-6.416666666666666075e+00 -3.268518518518518601e+00 -1.203703703703705719e-01 3.027777777777776347e+00 6.175925925925925597e+00 9.324074074074074403e+00 1.247222222222221788e+01 1.562037037037036846e+01 1.876851851851851904e+01 2.191666666666666785e+01
-6.383333333333332860e+00 -3.235185185185184942e+00 -8.703703703703724592e-02 3.061111111111110006e+00 6.209259259259258812e+00 9.357407407407407618e+00 1.250555555555555109e+01 1.565370370370370168e+01 1.880185185185185048e+01 2.194999999999999929e+01
-6.349999999999999645e+00 -3.201851851851851727e+00 -5.370370370370380897e-02 3.094444444444443221e+00 6.242592592592592027e+00 9.390740740740742609e+00 1.253888888888888431e+01 1.568703703703703667e+01 1.883518518518518547e+01 2.198333333333333428e+01
-6.316666666666666430e+00 -3.168518518518518512e+00 -2.037037037037059406e-02 3.127777777777776436e+00 6.275925925925925242e+00 9.424074074074074048e+00 1.257222222222221930e+01 1.572037037037036811e+01 1.886851851851851691e+01 2.201666666666666572e+01
-6.283333333333333215e+00 -3.135185185185185297e+00 1.296296296296284289e-02 3.161111111111109651e+00 6.309259259259258457e+00 9.457407407407409039e+00 1.260555555555555252e+01 1.575370370370370310e+01 1.890185185185185190e+01 2.205000000000000071e+01
-6.250000000000000000e+00 -3.101851851851851638e+00 4.629629629629616883e-02 3.194444444444443310e+00 6.342592592592591672e+00 9.490740740740742254e+00 1.263888888888888573e+01 1.578703703703703631e+01 1.893518518518518334e+01 2.208333333333333215e+01
-6.216666666666666785e+00 -3.068518518518518423e+00 7.962962962962949476e-02 3.227777777777776524e+00 6.375925925925924886e+00 9.524074074074075469e+00 1.267222222222221895e+01 1.582037037037036953e+01 1.896851851851851833e+01 2.211666666666666714e+01
-6.183333333333332682e+00 -3.035185185185185208e+00 1.129629629629628207e-01 3.261111111111109739e+00 6.409259259259258990e+00 9.557407407407408684e+00 1.270555555555555216e+01 1.585370370370370274e+01 1.900185185185184977e+01 2.214999999999999858e+01
-6.622222222222221788e+00 -3.412345679012345645e+00 -2.024691358024692800e-01 3.007407407407405753e+00 6.217283950617282784e+00 9.427160493827159371e+00 1.263703703703703241e+01 1.584691358024691077e+01 1.905679012345678913e+01 2.226666666666666572e+01
-6.588888888888888573e+00 -3.379012345679012430e+00 -1.691358024691359541e-01 3.040740740740738968e+00 6.250617283950615999e+00 9.460493827160492586e+00 1.267037037037036562e+01 1.588024691358024398e+01 1.909012345679012057e+01 2.229999999999999716e+01
-6.555555555555554470e+00 -3.345679012345679215e+00 -1.358024691358026281e-01 3.074074074074072183e+00 6.283950617283950102e+00 9.493827160493825801e+00 1.270370370370369884e+01 1.591358024691357720e+01 1.912345679012345556e+01 2.233333333333333215e+01
-6.522222222222221255e+00 -3.312345679012345556e+00 -1.024691358024693022e-01 3.107407407407405842e+00 6.317283950617283317e+00 9.527160493827159016e+00 1.273703703703703205e+01 1.594691358024691041e+01 1.915679012345678700e+01 2.236666666666666359e+01
-6.488888888888888040e+00 -3.279012345679012341e+00 -6.913580246913586524e-02 3.140740740740739056e+00 6.350617283950616532e+00 9.560493827160492231e+00 1.277037037037036526e+01 1.598024691358024540e+01 1.919012345679012199e+01 2.239999999999999858e+01
-6.455555555555554825e+00 -3.245679012345679126e+00 -3.580246913580265034e-02 3.174074074074072271e+00 6.383950617283949747e+00 9.593827160493827222e+00 1.280370370370370026e+01 1.601358024691357684e+01 1.922345679012345343e+01 2.243333333333333002e+01
-6.422222222222221610e+00 -3.212345679012345911e+00 -2.469135802469213381e-03 3.207407407407405486e+00 6.417283950617282962e+00 9.627160493827160437e+00 1.283703703703703347e+01 1.604691358024691183e+01 1.925679012345678842e+01 2.246666666666666501e+01
-6.388888888888888395e+00 -3.179012345679012252e+00 3.086419753086411255e-02 3.240740740740739145e+00 6.450617283950616176e+00 9.660493827160493652e+00 1.287037037037036669e+01 1.608024691358024327e+01 1.929012345679011986e+01 2.249999999999999645e+01
-6.355555555555554292e+00 -3.145679012345679038e+00 6.419753086419743848e-02 3.274074074074072360e+00 6.483950617283950280e+00 9.693827160493826867e+00 1.290370370370369990e+01 1.611358024691357826e+01 1.932345679012345485e+01 2.253333333333333144e+01
-6.322222222222221077e+00 -3.112345679012345823e+00 9.753086419753076441e-02 3.307407407407405575e+00 6.517283950617283494e+00 9.727160493827160082e+00 1.293703703703703312e+01 1.614691358024690970e+01 1.935679012345678629e+01 2.256666666666666288e+01
-6.761111111111111960e+00 -3.489506172839506259e+00 -2.179012345679015583e-01 3.053703703703702477e+00 6.325308641975308177e+00 9.596913580246914321e+00 1.286851851851851514e+01 1.614012345679012128e+01 1.941172839506172920e+01 2.268333333333333712e+01
-6.727777777777777857e+00 -3.456172839506173045e+00 -1.845679012345682324e-01 3.087037037037035692e+00 6.358641975308641392e+00 9.630246913580247536e+00 1.290185185185184835e+01 1.617345679012345627e+01 1.944506172839506064e+01 2.271666666666666856e+01
-6.694444444444444642e+00 -3.422839506172839830e+00 -1.512345679012349065e-01 3.120370370370368907e+00 6.391975308641975495e+00 9.663580246913580751e+00 1.293518518518518157e+01 1.620679012345678771e+01 1.947839506172839563e+01 2.275000000000000355e+01
-6.661111111111111427e+00 -3.389506172839506171e+00 -1.179012345679015805e-01 3.153703703703702566e+00 6.425308641975308710e+00 9.696913580246913966e+00 1.296851851851851478e+01 1.624012345679012270e+01 1.951172839506172707e+01 2.278333333333333499e+01
-6.627777777777778212e+00 -3.356172839506172956e+00 -8.456790123456814356e-02 3.187037037037035780e+00 6.458641975308641925e+00 9.730246913580248957e+00 1.300185185185184977e+01 1.627345679012345414e+01 1.954506172839506206e+01 2.281666666666666998e+01
-6.594444444444444997e+00 -3.322839506172839741e+00 -5.123456790123492866e-02 3.220370370370368995e+00 6.491975308641975140e+00 9.763580246913580396e+00 1.303518518518518121e+01 1.630679012345678913e+01 1.957839506172839350e+01 2.285000000000000142e+01
-6.561111111111111782e+00 -3.289506172839506526e+00 -1.790123456790149170e-02 3.253703703703702210e+00 6.525308641975308355e+00 9.796913580246915387e+00 1.306851851851851620e+01 1.634012345679012057e+01 1.961172839506172849e+01 2.288333333333333641e+01
-6.527777777777778567e+00 -3.256172839506172867e+00 1.543209876543183423e-02 3.287037037037035869e+00 6.558641975308641570e+00 9.830246913580248602e+00 1.310185185185184942e+01 1.637345679012345556e+01 1.964506172839505993e+01 2.291666666666666785e+01
-6.494444444444445352e+00 -3.222839506172839652e+00 4.876543209876516016e-02 3.320370370370369084e+00 6.591975308641975673e+00 9.863580246913581817e+00 1.313518518518518263e+01 1.640679012345678700e+01 1.967839506172839492e+01 2.295000000000000284e+01
-6.461111111111111249e+00 -3.189506172839506437e+00 8.209876543209848609e-02 3.353703703703702299e+00 6.625308641975308888e+00 9.896913580246915032e+00 1.316851851851851585e+01 1.644012345679012199e+01 1.971172839506172636e+01 2.298333333333333428e+01
-6.900000000000000355e+00 -3.566666666666666874e+00 -2.333333333333336146e-01 3.099999999999998757e+00 6.433333333333332682e+00 9.766666666666665719e+00 1.309999999999999609e+01 1.643333333333333002e+01 1.976666666666666572e+01 2.310000000000000142e+01
-6.866666666666667140e+00 -3.533333333333333659e+00 -2.000000000000002887e-01 3.133333333333331971e+00 6.466666666666666785e+00 9.799999999999998934e+00 1.313333333333332931e+01 1.646666666666666501e+01 1.979999999999999716e+01 2.313333333333333286e+01
-6.833333333333333037e+00 -3.500000000000000444e+00 -1.666666666666669627e-01 3.166666666666665186e+00 6.500000000000000000e+00 9.833333333333332149e+00 1.316666666666666252e+01 1.649999999999999645e+01 1.983333333333333215e+01 2.316666666666666785e+01
-6.799999999999999822e+00 -3.466666666666666785e+00 -1.333333333333336368e-01 3.199999999999998401e+00 6.533333333333333215e+00 9.866666666666665364e+00 1.319999999999999574e+01 1.653333333333333144e+01 1.986666666666666359e+01 2.319999999999999929e+01
-6.766666666666666607e+00 -3.433333333333333570e+00 -1.000000000000001998e-01 3.233333333333332060e+00 6.566666666666666430e+00 9.899999999999998579e+00 1.323333333333333073e+01 1.656666666666666288e+01 1.989999999999999858e+01 2.323333333333333428e+01
-6.733333333333333393e+00 -3.400000000000000355e+00 -6.666666666666698493e-02 3.266666666666665275e+00 6.599999999999999645e+00 9.933333333333333570e+00 1.326666666666666217e+01 1.659999999999999787e+01 1.993333333333333002e+01 2.326666666666666572e+01
-6.700000000000000178e+00 -3.366666666666667140e+00 -3.333333333333354798e-02 3.299999999999998934e+00 6.633333333333332860e+00 9.966666666666666785e+00 1.329999999999999716e+01 1.663333333333332931e+01 1.996666666666666501e+01 2.330000000000000071e+01
-6.666666666666666963e+00 -3.333333333333333481e+00 -2.220446049250313081e-16 3.333333333333332149e+00 6.666666666666666075e+00 1.000000000000000000e+01 1.333333333333333037e+01 1.666666666666666430e+01 1.999999999999999645e+01 2.333333333333333215e+01
-6.633333333333332860e+00 -3.300000000000000266e+00 3.333333333333310389e-02 3.366666666666665364e+00 6.699999999999999289e+00 1.003333333333333321e+01 1.336666666666666359e+01 1.669999999999999574e+01 2.003333333333333144e+01 2.336666666666666714e+01
-6.599999999999999645e+00 -3.266666666666667052e+00 6.666666666666642982e-02 3.399999999999998579e+00 6.733333333333333393e+00 1.006666666666666643e+01 1.339999999999999680e+01 1.673333333333333073e+01 2.006666666666666288e+01 2.339999999999999858e+01
